V
0.0000  0.0000  0.0000  0.0000  0.0000  0.0000  0.0000  0.0000  0.0000  0.0039  0.0108  0.0189  0.0267  0.0340  0.0406  0.0465  0.0519  0.0567  0.0610  0.1798 
0.0000  0.0000  0.0000  0.0000  0.0000  0.0000  0.0000  0.0000  0.0043  0.0116  0.0198  0.0276  0.0348  0.0413  0.0472  0.0525  0.0572  0.0615  0.1930  0.5803 
0.0000  0.0000  0.0000  0.0000  0.0000  0.0000  0.0000  0.0048  0.0124  0.0207  0.0285  0.0356  0.0420  0.0478  0.0530  0.0577  0.0620  0.2076  0.6234  1.2606 
0.0000  0.0000  0.0000  0.0000  0.0000  0.0000  0.0053  0.0133  0.0216  0.0293  0.0364  0.0427  0.0485  0.0536  0.0583  0.0624  0.2238  0.6696  1.3314  2.0825 
0.0000  0.0000  0.0000  0.0000  0.0000  0.0059  0.0142  0.0225  0.0302  0.0372  0.0435  0.0491  0.0542  0.0588  0.0629  0.2417  0.7191  1.4050  2.1660  2.9150 
0.0000  0.0000  0.0000  0.0000  0.0066  0.0151  0.0234  0.0311  0.0379  0.0441  0.0497  0.0548  0.0593  0.0634  0.2616  0.7721  1.4812  2.2506  2.9982  3.6909 
0.0000  0.0000  0.0000  0.0073  0.0160  0.0243  0.0319  0.0387  0.0448  0.0504  0.0553  0.0598  0.0638  0.2836  0.8289  1.5600  2.3360  3.0813  3.7678  4.3905 
0.0000  0.0000  0.0081  0.0170  0.0253  0.0327  0.0395  0.0455  0.0510  0.0559  0.0603  0.0643  0.3081  0.8895  1.6412  2.4223  3.1641  3.8441  4.4597  5.0145 
0.0000  0.0090  0.0180  0.0262  0.0336  0.0402  0.0462  0.0516  0.0564  0.0608  0.0647  0.3351  0.9541  1.7247  2.5091  3.2465  3.9197  4.5280  5.0762  5.5696 
0.0100  0.0190  0.0271  0.0344  0.0410  0.0469  0.0522  0.0570  0.0613  0.0651  0.3652  1.0228  1.8103  2.5962  3.3285  3.9945  4.5956  5.1371  5.6245  6.0631 
0.0000  0.0000  0.0000  0.0000  0.0000  0.0000  0.0000  0.0000  0.0000  0.3874  1.0848  1.8867  2.6724  3.3987  4.0574  4.6513  5.1861  5.6675  6.1008  6.4908 
0.0000  0.0000  0.0000  0.0000  0.0000  0.0000  0.0000  0.0000  0.4305  1.1623  1.9758  2.7597  3.4794  4.1306  4.7173  5.2456  5.7210  6.1489  6.5342  6.8814 
0.0000  0.0000  0.0000  0.0000  0.0000  0.0000  0.0000  0.4783  1.2436  2.0662  2.8468  3.5594  4.2029  4.7825  5.3043  5.7738  6.1964  6.5770  6.9199  7.2293 
0.0000  0.0000  0.0000  0.0000  0.0000  0.0000  0.5314  1.3286  2.1577  2.9336  3.6386  4.2744  4.8469  5.3622  5.8260  6.2434  6.6193  6.9580  7.2636  7.5394 
0.0000  0.0000  0.0000  0.0000  0.0000  0.5905  1.4172  2.2498  3.0198  3.7169  4.3451  4.9105  5.4195  5.8775  6.2898  6.6610  6.9957  7.2976  7.5701  7.8160 
0.0000  0.0000  0.0000  0.0000  0.6561  1.5090  2.3423  3.1053  3.7944  4.4149  4.9734  5.4760  5.9284  6.3356  6.7023  7.0329  7.3311  7.6003  7.8434  8.0628 
0.0000  0.0000  0.0000  0.7290  1.6038  2.4349  3.1901  3.8709  4.4838  5.0354  5.5319  5.9787  6.3808  6.7430  7.0696  7.3643  7.6302  7.8704  8.0872  8.2829 
0.0000  0.0000  0.8100  1.7010  2.5272  3.2740  3.9466  4.5519  5.0967  5.5870  6.0283  6.4255  6.7833  7.1059  7.3970  7.6598  7.8971  8.1113  8.3047  8.4793 
0.0000  0.9000  1.8000  2.6190  3.3570  4.0213  4.6192  5.1572  5.6415  6.0774  6.4696  6.8230  7.1417  7.4294  7.6890  7.9234  8.1351  8.3261  8.4987  8.6544 
1.0000  1.9000  2.7100  3.4390  4.0951  4.6856  5.2170  5.6953  6.1258  6.5132  6.8623  7.1771  7.4613  7.7179  7.9495  8.1586  8.3474  8.5178  8.6717  8.8106 

Policy
0 1 1 1 1 1 1 1 1 1 1 1 1 1 1 1 1 1 1 1
0 1 1 1 1 1 1 1 1 1 1 1 1 1 1 1 1 1 1 1
0 1 1 1 1 1 1 1 1 1 1 1 1 1 1 1 1 1 1 1
0 1 1 1 1 1 1 1 1 1 1 1 1 1 1 1 1 1 1 1
0 1 1 1 1 1 1 1 1 1 1 1 1 1 1 1 1 1 1 1
0 1 1 1 1 1 1 1 1 1 1 1 1 1 1 1 1 1 1 1
0 1 1 1 1 1 1 1 1 1 1 1 1 1 1 1 1 1 1 1
0 1 1 1 1 1 1 1 1 1 1 1 1 1 1 1 1 1 1 1
0 1 1 1 1 1 1 1 1 1 1 1 1 1 1 1 1 1 1 1
0 2 2 2 2 2 2 2 2 2 1 1 1 1 1 1 1 1 1 1
0 1 1 1 1 1 1 1 1 1 1 1 1 1 1 1 1 1 1 1
0 1 1 1 1 1 1 1 1 1 1 1 1 1 1 1 1 1 1 1
0 1 1 1 1 1 1 1 1 1 1 1 1 1 1 1 1 1 1 1
0 1 1 1 1 1 1 1 1 1 1 1 1 1 1 1 1 1 1 1
0 1 1 1 1 1 1 1 1 1 1 1 1 1 1 1 1 1 1 1
0 1 1 1 1 1 1 1 1 1 1 1 1 1 1 1 1 1 1 1
0 1 1 1 1 1 1 1 1 1 1 1 1 1 1 1 1 1 1 1
0 1 1 1 1 1 1 1 1 1 1 1 1 1 1 1 1 1 1 1
0 1 1 1 1 1 1 1 1 1 1 1 1 1 1 1 1 1 1 1
0 2 2 2 2 2 2 2 2 2 2 2 2 2 2 2 2 2 2 2
