V
0.0000  0.0000  0.0000  0.0000  0.0000 
0.0000  0.0000  0.0000  0.0000  0.0000 
0.0000  0.0000  0.0000  0.0000  0.0000 
0.0000  0.0000  0.0000  0.0000  0.0000 
0.0000  0.0000  0.0000  0.0000  0.0000 
0.0000  0.0000  0.0000  0.0000  0.0066 
0.0000  0.0000  0.0000  0.0073  0.0160 
0.0000  0.0000  0.0081  0.0170  0.0253 
0.0000  0.0090  0.0180  0.0262  0.0336 
0.0100  0.0190  0.0271  0.0344  0.0410 
0.0000  0.0000  0.0000  0.0000  0.0000 
0.0000  0.0000  0.0000  0.0000  0.0000 
0.0000  0.0000  0.0000  0.0000  0.0000 
0.0000  0.0000  0.0000  0.0000  0.0000 
0.0000  0.0000  0.0000  0.0000  0.0000 
0.0000  0.0000  0.0000  0.0000  0.6561 
0.0000  0.0000  0.0000  0.7290  1.6038 
0.0000  0.0000  0.8100  1.7010  2.5272 
0.0000  0.9000  1.8000  2.6190  3.3570 
1.0000  1.9000  2.7100  3.4390  4.0951 

Policy
0 1 1 1 1
0 1 1 1 1
0 1 1 1 1
0 1 1 1 1
0 1 1 1 1
0 1 1 1 1
0 1 1 1 1
0 1 1 1 1
0 1 1 1 1
0 2 2 2 2
0 1 1 1 1
0 1 1 1 1
0 1 1 1 1
0 1 1 1 1
0 1 1 1 1
0 1 1 1 1
0 1 1 1 1
0 1 1 1 1
0 1 1 1 1
0 2 2 2 2
