V
0.0000  0.0569  1.0000  1.0569  2.0000  2.0569  3.0000  3.0569  4.0000  4.0569 
0.0000  0.0000  0.9925  0.9950  1.9919  1.9952  2.9919  2.9952  3.9919  3.9952 
0.4931  1.2527  1.5991  2.2970  2.6193  3.3062  3.6236  4.3081  4.6244  5.3085 
0.0000  0.0006  0.0665  0.9936  1.0419  1.9929  2.0420  2.9928  3.0419  3.9927 
0.0000  0.5715  1.0000  1.5715  2.0000  2.5715  3.0000  3.5715  4.0000  4.5715 
0.0000  1.0000  1.0002  2.0000  2.0003  3.0000  3.0003  4.0000  4.0003  5.0000 
1.0000  1.0000  2.0000  2.0002  3.0000  3.0003  4.0000  4.0003  5.0000  5.0003 
0.0000  0.0775  0.0816  0.9657  1.0813  1.9648  2.0813  2.9648  3.0813  3.9648 
0.0000  0.0112  0.5715  1.0000  1.5715  2.0000  2.5715  3.0000  3.5715  4.0000 
0.0000  0.9999  1.0000  2.0000  2.0003  3.0000  3.0003  4.0000  4.0003  5.0000 

Policy
0 4 1 4 1 4 1 4 1 4
0 1 1 1 1 1 1 1 1 1
0 1 1 1 1 1 1 1 1 1
0 2 3 2 2 2 2 2 2 2
0 3 2 3 2 3 2 3 2 3
0 3 1 3 1 3 1 3 1 3
0 1 3 3 3 3 3 3 3 3
0 4 2 2 2 2 2 2 2 2
0 4 2 1 2 1 2 1 2 1
0 3 3 3 3 3 3 3 3 3
