V
0.0000  1.0000  1.0000  1.0330  2.0000  2.0000  2.0330  3.0000  3.0000  3.0330 
0.0000  0.0000  0.8944  0.9998  1.0184  1.8944  1.9998  2.0184  2.8944  2.9998 
0.0000  0.0074  0.7987  0.8982  1.0126  1.7992  1.8982  2.0126  2.7992  2.8982 
0.0000  0.0000  0.8944  0.9039  1.0184  1.8944  1.9039  2.0184  2.8944  2.9039 
1.0000  1.0000  1.0330  2.0000  2.0000  2.0330  3.0000  3.0000  3.0330  4.0000 
0.0000  0.0000  0.6595  0.8944  0.9998  1.6527  1.8944  1.9998  2.6524  2.8944 
0.0000  0.6595  0.8806  0.9812  1.6527  1.8784  1.9804  2.6524  2.8783  2.9804 
0.0000  0.0000  0.8522  0.8960  1.0125  1.8524  1.8958  2.0125  2.8524  2.8958 
0.0000  0.0330  1.0000  1.0000  1.0330  2.0000  2.0000  2.0330  3.0000  3.0000 
0.0000  0.8944  0.9039  1.0184  1.8944  1.9039  2.0184  2.8944  2.9039  3.0184 

Policy
0 4 4 4 4 4 4 4 4 4
0 1 4 2 4 4 2 4 4 2
0 3 3 2 3 3 2 3 3 2
0 1 1 1 1 1 1 1 1 1
0 1 1 1 1 1 1 1 1 1
0 1 1 3 3 1 3 3 1 3
0 2 2 2 2 2 2 2 2 2
0 1 3 3 3 3 3 3 3 3
0 4 2 2 2 2 2 2 2 2
0 4 1 4 4 1 4 4 1 4
