20 2

0.10    0.90    0.00    0.00    0.00    0.00    0.00    0.00    0.00    0.00    0.00    0.00    0.00    0.00    0.00    0.00    0.00    0.00    0.00    0.00
0.00    0.10    0.90    0.00    0.00    0.00    0.00    0.00    0.00    0.00    0.00    0.00    0.00    0.00    0.00    0.00    0.00    0.00    0.00    0.00
0.00    0.00    0.10    0.90    0.00    0.00    0.00    0.00    0.00    0.00    0.00    0.00    0.00    0.00    0.00    0.00    0.00    0.00    0.00    0.00
0.00    0.00    0.00    0.10    0.90    0.00    0.00    0.00    0.00    0.00    0.00    0.00    0.00    0.00    0.00    0.00    0.00    0.00    0.00    0.00
0.00    0.00    0.00    0.00    0.10    0.90    0.00    0.00    0.00    0.00    0.00    0.00    0.00    0.00    0.00    0.00    0.00    0.00    0.00    0.00
0.00    0.00    0.00    0.00    0.00    0.10    0.90    0.00    0.00    0.00    0.00    0.00    0.00    0.00    0.00    0.00    0.00    0.00    0.00    0.00
0.00    0.00    0.00    0.00    0.00    0.00    0.10    0.90    0.00    0.00    0.00    0.00    0.00    0.00    0.00    0.00    0.00    0.00    0.00    0.00
0.00    0.00    0.00    0.00    0.00    0.00    0.00    0.10    0.90    0.00    0.00    0.00    0.00    0.00    0.00    0.00    0.00    0.00    0.00    0.00
0.00    0.00    0.00    0.00    0.00    0.00    0.00    0.00    0.10    0.90    0.00    0.00    0.00    0.00    0.00    0.00    0.00    0.00    0.00    0.00
0.00    0.00    0.00    0.00    0.00    0.00    0.00    0.00    0.00    0.10    0.90    0.00    0.00    0.00    0.00    0.00    0.00    0.00    0.00    0.00
0.00    0.00    0.00    0.00    0.00    0.00    0.00    0.00    0.00    0.00    0.10    0.90    0.00    0.00    0.00    0.00    0.00    0.00    0.00    0.00
0.00    0.00    0.00    0.00    0.00    0.00    0.00    0.00    0.00    0.00    0.00    0.10    0.90    0.00    0.00    0.00    0.00    0.00    0.00    0.00
0.00    0.00    0.00    0.00    0.00    0.00    0.00    0.00    0.00    0.00    0.00    0.00    0.10    0.90    0.00    0.00    0.00    0.00    0.00    0.00
0.00    0.00    0.00    0.00    0.00    0.00    0.00    0.00    0.00    0.00    0.00    0.00    0.00    0.10    0.90    0.00    0.00    0.00    0.00    0.00
0.00    0.00    0.00    0.00    0.00    0.00    0.00    0.00    0.00    0.00    0.00    0.00    0.00    0.00    0.10    0.90    0.00    0.00    0.00    0.00
0.00    0.00    0.00    0.00    0.00    0.00    0.00    0.00    0.00    0.00    0.00    0.00    0.00    0.00    0.00    0.10    0.90    0.00    0.00    0.00
0.00    0.00    0.00    0.00    0.00    0.00    0.00    0.00    0.00    0.00    0.00    0.00    0.00    0.00    0.00    0.00    0.10    0.90    0.00    0.00
0.00    0.00    0.00    0.00    0.00    0.00    0.00    0.00    0.00    0.00    0.00    0.00    0.00    0.00    0.00    0.00    0.00    0.10    0.90    0.00
0.00    0.00    0.00    0.00    0.00    0.00    0.00    0.00    0.00    0.00    0.00    0.00    0.00    0.00    0.00    0.00    0.00    0.00    0.10    0.90
0.90    0.10    0.00    0.00    0.00    0.00    0.00    0.00    0.00    0.00    0.00    0.00    0.00    0.00    0.00    0.00    0.00    0.00    0.00    0.00

0.90    0.10    0.00    0.00    0.00    0.00    0.00    0.00    0.00    0.00    0.00    0.00    0.00    0.00    0.00    0.00    0.00    0.00    0.00    0.00
0.00    0.90    0.10    0.00    0.00    0.00    0.00    0.00    0.00    0.00    0.00    0.00    0.00    0.00    0.00    0.00    0.00    0.00    0.00    0.00
0.00    0.00    0.90    0.10    0.00    0.00    0.00    0.00    0.00    0.00    0.00    0.00    0.00    0.00    0.00    0.00    0.00    0.00    0.00    0.00
0.00    0.00    0.00    0.90    0.10    0.00    0.00    0.00    0.00    0.00    0.00    0.00    0.00    0.00    0.00    0.00    0.00    0.00    0.00    0.00
0.00    0.00    0.00    0.00    0.90    0.10    0.00    0.00    0.00    0.00    0.00    0.00    0.00    0.00    0.00    0.00    0.00    0.00    0.00    0.00
0.00    0.00    0.00    0.00    0.00    0.90    0.10    0.00    0.00    0.00    0.00    0.00    0.00    0.00    0.00    0.00    0.00    0.00    0.00    0.00
0.00    0.00    0.00    0.00    0.00    0.00    0.90    0.10    0.00    0.00    0.00    0.00    0.00    0.00    0.00    0.00    0.00    0.00    0.00    0.00
0.00    0.00    0.00    0.00    0.00    0.00    0.00    0.90    0.10    0.00    0.00    0.00    0.00    0.00    0.00    0.00    0.00    0.00    0.00    0.00
0.00    0.00    0.00    0.00    0.00    0.00    0.00    0.00    0.90    0.10    0.00    0.00    0.00    0.00    0.00    0.00    0.00    0.00    0.00    0.00
0.00    0.00    0.00    0.00    0.00    0.00    0.00    0.00    0.00    0.90    0.10    0.00    0.00    0.00    0.00    0.00    0.00    0.00    0.00    0.00
0.00    0.00    0.00    0.00    0.00    0.00    0.00    0.00    0.00    0.00    0.90    0.10    0.00    0.00    0.00    0.00    0.00    0.00    0.00    0.00
0.00    0.00    0.00    0.00    0.00    0.00    0.00    0.00    0.00    0.00    0.00    0.90    0.10    0.00    0.00    0.00    0.00    0.00    0.00    0.00
0.00    0.00    0.00    0.00    0.00    0.00    0.00    0.00    0.00    0.00    0.00    0.00    0.90    0.10    0.00    0.00    0.00    0.00    0.00    0.00
0.00    0.00    0.00    0.00    0.00    0.00    0.00    0.00    0.00    0.00    0.00    0.00    0.00    0.90    0.10    0.00    0.00    0.00    0.00    0.00
0.00    0.00    0.00    0.00    0.00    0.00    0.00    0.00    0.00    0.00    0.00    0.00    0.00    0.00    0.90    0.10    0.00    0.00    0.00    0.00
0.00    0.00    0.00    0.00    0.00    0.00    0.00    0.00    0.00    0.00    0.00    0.00    0.00    0.00    0.00    0.90    0.10    0.00    0.00    0.00
0.00    0.00    0.00    0.00    0.00    0.00    0.00    0.00    0.00    0.00    0.00    0.00    0.00    0.00    0.00    0.00    0.90    0.10    0.00    0.00
0.00    0.00    0.00    0.00    0.00    0.00    0.00    0.00    0.00    0.00    0.00    0.00    0.00    0.00    0.00    0.00    0.00    0.90    0.10    0.00
0.00    0.00    0.00    0.00    0.00    0.00    0.00    0.00    0.00    0.00    0.00    0.00    0.00    0.00    0.00    0.00    0.00    0.00    0.90    0.10
0.10    0.00    0.00    0.00    0.00    0.00    0.00    0.00    0.00    0.00    0.00    0.00    0.00    0.00    0.00    0.00    0.00    0.00    0.00    0.90

0.00    0.00    0.00    0.00    0.00    0.00    0.00    0.00    0.00    0.01    0.00    0.00    0.00    0.00    0.00    0.00    0.00    0.00    0.00    1.00